{
 "cells": [
  {
   "cell_type": "code",
   "execution_count": 2,
   "metadata": {},
   "outputs": [
    {
     "name": "stderr",
     "output_type": "stream",
     "text": [
      "c:\\Users\\parae\\anaconda3\\envs\\TEST\\lib\\site-packages\\scipy\\__init__.py:146: UserWarning: A NumPy version >=1.16.5 and <1.23.0 is required for this version of SciPy (detected version 1.23.1\n",
      "  warnings.warn(f\"A NumPy version >={np_minversion} and <{np_maxversion}\"\n"
     ]
    }
   ],
   "source": [
    "\n",
    "import geopandas\n",
    "import fiona\n",
    "import sys\n",
    "from shapely.geometry import shape, GeometryCollection, Point, MultiPolygon, Polygon, asShape\n",
    "import numpy as np\n",
    "from sklearn.preprocessing import LabelEncoder\n",
    "import pandas as pd\n",
    "import shapefile as shp\n",
    "from shapely import wkt\n",
    "import matplotlib.pyplot as plt\n",
    "import seaborn as sns\n",
    "\n"
   ]
  },
  {
   "cell_type": "code",
   "execution_count": 23,
   "metadata": {},
   "outputs": [
    {
     "data": {
      "text/plain": [
       "'\\ncase \"Imoveis com Danos/Risco\":\\n            return \"Deslizamento_ImoveisEmRisco\"\\n        case \"Deslizamentos de Barreiras\":\\n            return \"Deslizamento_ImoveisEmRisco\"\\n'"
      ]
     },
     "execution_count": 23,
     "metadata": {},
     "output_type": "execute_result"
    }
   ],
   "source": [
    "\n",
    "column = [\"ground_amplitude\", \"flooding_risk\", \"danger_level\", \"ground_type\", \"altitude\"\n",
    ", \"rain_day\", \"rain_hour\", \"longitude\", \"latitude\", \"processo_ocorrencia\", \"confirmado\", \"solicitacao_bairro\", \n",
    "\"solicitacao_descricao\"]\n",
    "df = pd.read_csv(\"ground_amplitude.csv\", usecols=column)\n",
    "\n",
    "\n",
    "def junction(row):\n",
    "    if ((row['processo_ocorrencia'] == \"Imoveis com Danos/Risco\"  and (\"barreira\" in row['solicitacao_descricao'].lower()))\n",
    "     or row['processo_ocorrencia'] == \"Deslizamentos de Barreiras\"\n",
    "    ):\n",
    "        return 1 #\"ImoveisDanosRiscos_Deslizamentos\"\n",
    "\n",
    "    else:\n",
    "        return  0#row['processo_ocorrencia']\n",
    "\n",
    "\"\"\"\n",
    "case \"Imoveis com Danos/Risco\":\n",
    "            return \"Deslizamento_ImoveisEmRisco\"\n",
    "        case \"Deslizamentos de Barreiras\":\n",
    "            return \"Deslizamento_ImoveisEmRisco\"\n",
    "\"\"\"\n"
   ]
  },
  {
   "cell_type": "code",
   "execution_count": 25,
   "metadata": {},
   "outputs": [
    {
     "data": {
      "text/plain": [
       "0     0\n",
       "1     0\n",
       "2     0\n",
       "3     1\n",
       "4     0\n",
       "5     0\n",
       "6     0\n",
       "7     0\n",
       "8     0\n",
       "9     1\n",
       "10    0\n",
       "11    0\n",
       "12    0\n",
       "13    1\n",
       "14    0\n",
       "15    1\n",
       "16    0\n",
       "17    0\n",
       "18    1\n",
       "19    0\n",
       "Name: filtered_ocorrencia, dtype: int64"
      ]
     },
     "execution_count": 25,
     "metadata": {},
     "output_type": "execute_result"
    }
   ],
   "source": [
    "df['filtered_ocorrencia'] = df.apply(lambda row: junction(row), axis=1)\n",
    "\n",
    "df['filtered_ocorrencia'].head(20)\n"
   ]
  },
  {
   "cell_type": "code",
   "execution_count": 26,
   "metadata": {},
   "outputs": [
    {
     "name": "stdout",
     "output_type": "stream",
     "text": [
      "<class 'pandas.core.frame.DataFrame'>\n",
      "RangeIndex: 5125 entries, 0 to 5124\n",
      "Data columns (total 13 columns):\n",
      " #   Column               Non-Null Count  Dtype  \n",
      "---  ------               --------------  -----  \n",
      " 0   solicitacao_bairro   5125 non-null   object \n",
      " 1   processo_ocorrencia  5125 non-null   object \n",
      " 2   confirmado           5125 non-null   int64  \n",
      " 3   latitude             5125 non-null   float64\n",
      " 4   longitude            5125 non-null   float64\n",
      " 5   rain_hour            4855 non-null   float64\n",
      " 6   rain_day             4850 non-null   float64\n",
      " 7   altitude             4816 non-null   float64\n",
      " 8   ground_type          5125 non-null   object \n",
      " 9   danger_level         5038 non-null   object \n",
      " 10  flooding_risk        5125 non-null   object \n",
      " 11  ground_amplitude     5038 non-null   object \n",
      " 12  filtered_ocorrencia  5125 non-null   int64  \n",
      "dtypes: float64(5), int64(2), object(6)\n",
      "memory usage: 520.6+ KB\n"
     ]
    }
   ],
   "source": [
    "#df = df.dropna()\n",
    "#df.drop_duplicates()\n",
    "df.pop(\"solicitacao_descricao\")\n",
    "\n",
    "\n",
    "df.info()\n",
    "\n",
    "#df.to_csv(r'C:\\Users\\parae\\Documents\\barreiras\\barreiras\\processing\\slope\\df.csv',\n",
    "#            index=False, header=True)"
   ]
  },
  {
   "cell_type": "code",
   "execution_count": 27,
   "metadata": {},
   "outputs": [
    {
     "data": {
      "text/html": [
       "<div>\n",
       "<style scoped>\n",
       "    .dataframe tbody tr th:only-of-type {\n",
       "        vertical-align: middle;\n",
       "    }\n",
       "\n",
       "    .dataframe tbody tr th {\n",
       "        vertical-align: top;\n",
       "    }\n",
       "\n",
       "    .dataframe thead th {\n",
       "        text-align: right;\n",
       "    }\n",
       "</style>\n",
       "<table border=\"1\" class=\"dataframe\">\n",
       "  <thead>\n",
       "    <tr style=\"text-align: right;\">\n",
       "      <th></th>\n",
       "      <th>solicitacao_bairro</th>\n",
       "      <th>processo_ocorrencia</th>\n",
       "      <th>confirmado</th>\n",
       "      <th>latitude</th>\n",
       "      <th>longitude</th>\n",
       "      <th>rain_hour</th>\n",
       "      <th>rain_day</th>\n",
       "      <th>altitude</th>\n",
       "      <th>ground_type</th>\n",
       "      <th>danger_level</th>\n",
       "      <th>flooding_risk</th>\n",
       "      <th>ground_amplitude</th>\n",
       "      <th>filtered_ocorrencia</th>\n",
       "    </tr>\n",
       "  </thead>\n",
       "  <tbody>\n",
       "    <tr>\n",
       "      <th>solicitacao_bairro</th>\n",
       "      <td>1.000000</td>\n",
       "      <td>-0.044464</td>\n",
       "      <td>0.106565</td>\n",
       "      <td>0.054654</td>\n",
       "      <td>-0.357189</td>\n",
       "      <td>-0.019564</td>\n",
       "      <td>-0.002000</td>\n",
       "      <td>0.255135</td>\n",
       "      <td>-0.083123</td>\n",
       "      <td>0.124137</td>\n",
       "      <td>0.159834</td>\n",
       "      <td>0.190975</td>\n",
       "      <td>0.113224</td>\n",
       "    </tr>\n",
       "    <tr>\n",
       "      <th>processo_ocorrencia</th>\n",
       "      <td>-0.044464</td>\n",
       "      <td>1.000000</td>\n",
       "      <td>-0.192898</td>\n",
       "      <td>-0.087241</td>\n",
       "      <td>0.084187</td>\n",
       "      <td>-0.051726</td>\n",
       "      <td>-0.081135</td>\n",
       "      <td>-0.147684</td>\n",
       "      <td>-0.008691</td>\n",
       "      <td>-0.086200</td>\n",
       "      <td>-0.129640</td>\n",
       "      <td>-0.150545</td>\n",
       "      <td>-0.076592</td>\n",
       "    </tr>\n",
       "    <tr>\n",
       "      <th>confirmado</th>\n",
       "      <td>0.106565</td>\n",
       "      <td>-0.192898</td>\n",
       "      <td>1.000000</td>\n",
       "      <td>0.123456</td>\n",
       "      <td>-0.157932</td>\n",
       "      <td>0.119458</td>\n",
       "      <td>0.240398</td>\n",
       "      <td>0.295237</td>\n",
       "      <td>0.013647</td>\n",
       "      <td>0.134548</td>\n",
       "      <td>0.320437</td>\n",
       "      <td>0.338024</td>\n",
       "      <td>0.829541</td>\n",
       "    </tr>\n",
       "    <tr>\n",
       "      <th>latitude</th>\n",
       "      <td>0.054654</td>\n",
       "      <td>-0.087241</td>\n",
       "      <td>0.123456</td>\n",
       "      <td>1.000000</td>\n",
       "      <td>0.358119</td>\n",
       "      <td>0.062914</td>\n",
       "      <td>0.093836</td>\n",
       "      <td>0.060749</td>\n",
       "      <td>0.014970</td>\n",
       "      <td>0.012142</td>\n",
       "      <td>0.154777</td>\n",
       "      <td>0.190285</td>\n",
       "      <td>0.139153</td>\n",
       "    </tr>\n",
       "    <tr>\n",
       "      <th>longitude</th>\n",
       "      <td>-0.357189</td>\n",
       "      <td>0.084187</td>\n",
       "      <td>-0.157932</td>\n",
       "      <td>0.358119</td>\n",
       "      <td>1.000000</td>\n",
       "      <td>-0.000487</td>\n",
       "      <td>-0.036961</td>\n",
       "      <td>-0.389858</td>\n",
       "      <td>0.141330</td>\n",
       "      <td>-0.197454</td>\n",
       "      <td>-0.337443</td>\n",
       "      <td>-0.349438</td>\n",
       "      <td>-0.181931</td>\n",
       "    </tr>\n",
       "    <tr>\n",
       "      <th>rain_hour</th>\n",
       "      <td>-0.019564</td>\n",
       "      <td>-0.051726</td>\n",
       "      <td>0.119458</td>\n",
       "      <td>0.062914</td>\n",
       "      <td>-0.000487</td>\n",
       "      <td>1.000000</td>\n",
       "      <td>0.622397</td>\n",
       "      <td>0.055334</td>\n",
       "      <td>0.026156</td>\n",
       "      <td>0.028577</td>\n",
       "      <td>0.059885</td>\n",
       "      <td>0.064709</td>\n",
       "      <td>0.104376</td>\n",
       "    </tr>\n",
       "    <tr>\n",
       "      <th>rain_day</th>\n",
       "      <td>-0.002000</td>\n",
       "      <td>-0.081135</td>\n",
       "      <td>0.240398</td>\n",
       "      <td>0.093836</td>\n",
       "      <td>-0.036961</td>\n",
       "      <td>0.622397</td>\n",
       "      <td>1.000000</td>\n",
       "      <td>0.108010</td>\n",
       "      <td>0.016706</td>\n",
       "      <td>0.059876</td>\n",
       "      <td>0.129947</td>\n",
       "      <td>0.136426</td>\n",
       "      <td>0.224861</td>\n",
       "    </tr>\n",
       "    <tr>\n",
       "      <th>altitude</th>\n",
       "      <td>0.255135</td>\n",
       "      <td>-0.147684</td>\n",
       "      <td>0.295237</td>\n",
       "      <td>0.060749</td>\n",
       "      <td>-0.389858</td>\n",
       "      <td>0.055334</td>\n",
       "      <td>0.108010</td>\n",
       "      <td>1.000000</td>\n",
       "      <td>0.050678</td>\n",
       "      <td>0.442138</td>\n",
       "      <td>0.649369</td>\n",
       "      <td>0.704172</td>\n",
       "      <td>0.333944</td>\n",
       "    </tr>\n",
       "    <tr>\n",
       "      <th>ground_type</th>\n",
       "      <td>-0.083123</td>\n",
       "      <td>-0.008691</td>\n",
       "      <td>0.013647</td>\n",
       "      <td>0.014970</td>\n",
       "      <td>0.141330</td>\n",
       "      <td>0.026156</td>\n",
       "      <td>0.016706</td>\n",
       "      <td>0.050678</td>\n",
       "      <td>1.000000</td>\n",
       "      <td>-0.028567</td>\n",
       "      <td>-0.041102</td>\n",
       "      <td>-0.028337</td>\n",
       "      <td>-0.002333</td>\n",
       "    </tr>\n",
       "    <tr>\n",
       "      <th>danger_level</th>\n",
       "      <td>0.124137</td>\n",
       "      <td>-0.086200</td>\n",
       "      <td>0.134548</td>\n",
       "      <td>0.012142</td>\n",
       "      <td>-0.197454</td>\n",
       "      <td>0.028577</td>\n",
       "      <td>0.059876</td>\n",
       "      <td>0.442138</td>\n",
       "      <td>-0.028567</td>\n",
       "      <td>1.000000</td>\n",
       "      <td>0.406320</td>\n",
       "      <td>0.460066</td>\n",
       "      <td>0.157577</td>\n",
       "    </tr>\n",
       "    <tr>\n",
       "      <th>flooding_risk</th>\n",
       "      <td>0.159834</td>\n",
       "      <td>-0.129640</td>\n",
       "      <td>0.320437</td>\n",
       "      <td>0.154777</td>\n",
       "      <td>-0.337443</td>\n",
       "      <td>0.059885</td>\n",
       "      <td>0.129947</td>\n",
       "      <td>0.649369</td>\n",
       "      <td>-0.041102</td>\n",
       "      <td>0.406320</td>\n",
       "      <td>1.000000</td>\n",
       "      <td>0.888724</td>\n",
       "      <td>0.381635</td>\n",
       "    </tr>\n",
       "    <tr>\n",
       "      <th>ground_amplitude</th>\n",
       "      <td>0.190975</td>\n",
       "      <td>-0.150545</td>\n",
       "      <td>0.338024</td>\n",
       "      <td>0.190285</td>\n",
       "      <td>-0.349438</td>\n",
       "      <td>0.064709</td>\n",
       "      <td>0.136426</td>\n",
       "      <td>0.704172</td>\n",
       "      <td>-0.028337</td>\n",
       "      <td>0.460066</td>\n",
       "      <td>0.888724</td>\n",
       "      <td>1.000000</td>\n",
       "      <td>0.403656</td>\n",
       "    </tr>\n",
       "    <tr>\n",
       "      <th>filtered_ocorrencia</th>\n",
       "      <td>0.113224</td>\n",
       "      <td>-0.076592</td>\n",
       "      <td>0.829541</td>\n",
       "      <td>0.139153</td>\n",
       "      <td>-0.181931</td>\n",
       "      <td>0.104376</td>\n",
       "      <td>0.224861</td>\n",
       "      <td>0.333944</td>\n",
       "      <td>-0.002333</td>\n",
       "      <td>0.157577</td>\n",
       "      <td>0.381635</td>\n",
       "      <td>0.403656</td>\n",
       "      <td>1.000000</td>\n",
       "    </tr>\n",
       "  </tbody>\n",
       "</table>\n",
       "</div>"
      ],
      "text/plain": [
       "                     solicitacao_bairro  processo_ocorrencia  confirmado  \\\n",
       "solicitacao_bairro             1.000000            -0.044464    0.106565   \n",
       "processo_ocorrencia           -0.044464             1.000000   -0.192898   \n",
       "confirmado                     0.106565            -0.192898    1.000000   \n",
       "latitude                       0.054654            -0.087241    0.123456   \n",
       "longitude                     -0.357189             0.084187   -0.157932   \n",
       "rain_hour                     -0.019564            -0.051726    0.119458   \n",
       "rain_day                      -0.002000            -0.081135    0.240398   \n",
       "altitude                       0.255135            -0.147684    0.295237   \n",
       "ground_type                   -0.083123            -0.008691    0.013647   \n",
       "danger_level                   0.124137            -0.086200    0.134548   \n",
       "flooding_risk                  0.159834            -0.129640    0.320437   \n",
       "ground_amplitude               0.190975            -0.150545    0.338024   \n",
       "filtered_ocorrencia            0.113224            -0.076592    0.829541   \n",
       "\n",
       "                     latitude  longitude  rain_hour  rain_day  altitude  \\\n",
       "solicitacao_bairro   0.054654  -0.357189  -0.019564 -0.002000  0.255135   \n",
       "processo_ocorrencia -0.087241   0.084187  -0.051726 -0.081135 -0.147684   \n",
       "confirmado           0.123456  -0.157932   0.119458  0.240398  0.295237   \n",
       "latitude             1.000000   0.358119   0.062914  0.093836  0.060749   \n",
       "longitude            0.358119   1.000000  -0.000487 -0.036961 -0.389858   \n",
       "rain_hour            0.062914  -0.000487   1.000000  0.622397  0.055334   \n",
       "rain_day             0.093836  -0.036961   0.622397  1.000000  0.108010   \n",
       "altitude             0.060749  -0.389858   0.055334  0.108010  1.000000   \n",
       "ground_type          0.014970   0.141330   0.026156  0.016706  0.050678   \n",
       "danger_level         0.012142  -0.197454   0.028577  0.059876  0.442138   \n",
       "flooding_risk        0.154777  -0.337443   0.059885  0.129947  0.649369   \n",
       "ground_amplitude     0.190285  -0.349438   0.064709  0.136426  0.704172   \n",
       "filtered_ocorrencia  0.139153  -0.181931   0.104376  0.224861  0.333944   \n",
       "\n",
       "                     ground_type  danger_level  flooding_risk  \\\n",
       "solicitacao_bairro     -0.083123      0.124137       0.159834   \n",
       "processo_ocorrencia    -0.008691     -0.086200      -0.129640   \n",
       "confirmado              0.013647      0.134548       0.320437   \n",
       "latitude                0.014970      0.012142       0.154777   \n",
       "longitude               0.141330     -0.197454      -0.337443   \n",
       "rain_hour               0.026156      0.028577       0.059885   \n",
       "rain_day                0.016706      0.059876       0.129947   \n",
       "altitude                0.050678      0.442138       0.649369   \n",
       "ground_type             1.000000     -0.028567      -0.041102   \n",
       "danger_level           -0.028567      1.000000       0.406320   \n",
       "flooding_risk          -0.041102      0.406320       1.000000   \n",
       "ground_amplitude       -0.028337      0.460066       0.888724   \n",
       "filtered_ocorrencia    -0.002333      0.157577       0.381635   \n",
       "\n",
       "                     ground_amplitude  filtered_ocorrencia  \n",
       "solicitacao_bairro           0.190975             0.113224  \n",
       "processo_ocorrencia         -0.150545            -0.076592  \n",
       "confirmado                   0.338024             0.829541  \n",
       "latitude                     0.190285             0.139153  \n",
       "longitude                   -0.349438            -0.181931  \n",
       "rain_hour                    0.064709             0.104376  \n",
       "rain_day                     0.136426             0.224861  \n",
       "altitude                     0.704172             0.333944  \n",
       "ground_type                 -0.028337            -0.002333  \n",
       "danger_level                 0.460066             0.157577  \n",
       "flooding_risk                0.888724             0.381635  \n",
       "ground_amplitude             1.000000             0.403656  \n",
       "filtered_ocorrencia          0.403656             1.000000  "
      ]
     },
     "execution_count": 27,
     "metadata": {},
     "output_type": "execute_result"
    }
   ],
   "source": [
    "le = LabelEncoder()\n",
    "\n",
    "proc_ocorr = le.fit_transform(df['processo_ocorrencia'])\n",
    "gro_type = le.fit_transform(df['ground_type'])\n",
    "dan_level = le.fit_transform(df['danger_level'])\n",
    "flo_risk = le.fit_transform(df['flooding_risk'])\n",
    "gro_ampl = le.fit_transform(df['ground_amplitude'])\n",
    "filt_ocorr = le.fit_transform(df['filtered_ocorrencia'])\n",
    "soli_bair = le.fit_transform(df['solicitacao_bairro'])\n",
    "\n",
    "df['processo_ocorrencia'] = proc_ocorr\n",
    "df['ground_type'] = gro_type\n",
    "df['danger_level'] = dan_level\n",
    "df['flooding_risk'] = flo_risk\n",
    "df['ground_amplitude'] = gro_ampl\n",
    "df['filtered_ocorrencia'] = filt_ocorr\n",
    "df['solicitacao_bairro'] = soli_bair\n",
    "df.corr()"
   ]
  }
 ],
 "metadata": {
  "kernelspec": {
   "display_name": "Python 3.9.12 ('TEST')",
   "language": "python",
   "name": "python3"
  },
  "language_info": {
   "codemirror_mode": {
    "name": "ipython",
    "version": 3
   },
   "file_extension": ".py",
   "mimetype": "text/x-python",
   "name": "python",
   "nbconvert_exporter": "python",
   "pygments_lexer": "ipython3",
   "version": "3.9.12"
  },
  "orig_nbformat": 4,
  "vscode": {
   "interpreter": {
    "hash": "1afb6d4dafa0b819cdc74d2f29bc1929df502a84d8d599ed0bc0491511eeaa8a"
   }
  }
 },
 "nbformat": 4,
 "nbformat_minor": 2
}
